image: map0.png
resolution: 0.062500
origin: [-80.78982865419687,-46.794651092690856, 0.000000]
negate: 0
occupied_thresh: 0.45
free_thresh: 0.196